[[[0.11505457 0.60906654 0.13339096]
  [0.24058962 0.32713906 0.85913749]
  [0.66609021 0.54116221 0.02901382]
  [0.7337483  0.39495002 0.80204712]
  [0.25442113 0.05688494 0.86664864]
  [0.221029   0.40498945 0.31609647]
  [0.0766627  0.84322469 0.84893915]
  [0.97146509 0.38537691 0.95448813]
  [0.44575836 0.66972465 0.08250005]
  [0.89709858 0.2980035  0.26230482]
  [0.00512955 0.54320252 0.47559637]
  [0.63637368 0.97820413 0.90866276]
  [0.91015308 0.52525567 0.10401895]
  [0.1809146  0.95304022 0.41195298]
  [0.86501712 0.67217728 0.6287858 ]
  [0.27555878 0.89674727 0.20689137]
  [0.40440524 0.99357249 0.73572708]
  [0.44506141 0.56066317 0.41125549]
  [0.72698799 0.39919689 0.67014516]
  [0.70471561 0.60955987 0.54003446]]]