[[[0.5802979  0.51222459 0.27995684]
  [0.58008952 0.51320944 0.28020808]
  [0.57874081 0.51171332 0.27945565]
  ...
  [0.71747723 0.41247734 0.6982359 ]
  [0.71800225 0.41205838 0.69864304]
  [0.71703375 0.41259464 0.69927358]]

 [[0.57601581 0.5131203  0.28150761]
  [0.57808977 0.51301006 0.28100482]
  [0.57811387 0.51086533 0.27813687]
  ...
  [0.71743837 0.41230499 0.69818517]
  [0.71778735 0.41258239 0.69828225]
  [0.71770845 0.41289378 0.69917379]]

 [[0.57794918 0.51123848 0.28084336]
  [0.57797663 0.51237615 0.27944961]
  [0.57603213 0.51047875 0.27961687]
  ...
  [0.71705433 0.41268736 0.69876092]
  [0.71716643 0.4129204  0.69858148]
  [0.71735042 0.41245727 0.69870156]]

 ...

 [[0.18322624 0.43921371 0.63614413]
  [0.18350227 0.43958642 0.63731991]
  [0.18376571 0.44035296 0.63624803]
  ...
  [0.40600536 0.82813822 0.51185871]
  [0.40733787 0.82768405 0.51189694]
  [0.4075736  0.82713    0.51175216]]

 [[0.18349827 0.43893202 0.6372485 ]
  [0.18403348 0.43923456 0.6372084 ]
  [0.18366133 0.43899838 0.63739475]
  ...
  [0.40526221 0.82913716 0.51173863]
  [0.40539277 0.8290112  0.51181645]
  [0.40661298 0.82863786 0.51123819]]

 [[0.18362674 0.43833629 0.63735675]
  [0.18327475 0.43971189 0.63656907]
  [0.18348964 0.43925082 0.63620813]
  ...
  [0.40387265 0.83032911 0.51135589]
  [0.40481584 0.83038937 0.51037539]
  [0.40481211 0.83027355 0.51004196]]]